block	x	y	humans	dogs	chicken	dist
1	0.253	8.027	4	2	10	101.2126495701975
1	0.255	8.021	2	1	0	101.3584425813249
1	0.26	8.009	5	2	0	100.70938727828008
1	0.263	8.003	5	0	0	99.91365045768764
1	0.271	7.98	2	1	0	100.15895321596912
1	0.272	7.975	7	0	0	100.90789241657856
1	0.276	7.963	1	1	0	101.19988307797746
1	0.277	7.959	1	1	0	101.61055499361429
1	0.28	7.955	4	0	0	100.13910586787033
1	0.283	7.944	2	0	0	101.03388691966286
1	0.231	7.918	4	0	0	102.32076815130279
1	0.199	7.906	5	0	0	101.84423094011726
1	0.193	7.904	2	1	0	101.98949424478083
1	0.168	7.894	2	0	7	101.02888422417637
1	0.141	7.883	4	0	0	99.80257968190617
1	0.086	7.865	5	1	8	101.4532880133167
1	0.029	7.858	2	1	0	100.58909625884951
1	0.022	7.878	4	0	0	100.76121109921438
1	0.011	7.906	2	1	0	99.87328969202065
1	0.006	7.923	4	0	0	100.91386772396102
1	0.	7.937	2	0	0	99.99915298804233
1	0.093	7.973	1	0	0	99.96797124635364
1	0.098	7.963	4	0	0	111.06947841097752
1	0.1	7.957	5	1	0	117.39231985577044
1	0.102	7.951	4	3	0	123.7153365098783
1	0.111	7.924	4	0	3	148.52969213041743
1	0.115	7.914	5	1	8	137.766424724713
1	0.119	7.906	6	1	0	128.88767678478058
1	0.126	7.89	2	0	0	111.46077234215153
1	0.128	7.891	5	0	0	111.72707648945823
1	0.128	7.893	3	1	0	113.6080709298188
1	0.124	7.906	5	2	0	127.19498222960203
1	0.12	7.92	3	1	0	141.72313918929888
1	0.107	7.952	4	0	0	124.46467541428251
1	0.233	7.981	5	0	0	135.5842188552598
1	0.205	7.973	2	0	0	137.82593680248868
1	0.203	7.971	3	0	0	139.03244323369273
1	0.191	7.966	3	0	0	139.68179437784218
1	0.177	7.961	4	0	2	139.65534410056722
1	0.165	7.958	5	0	0	138.42232251961346
1	0.155	7.954	4	2	0	138.80687985337866
1	0.138	7.947	5	0	0	139.64843047513392
1	0.109	7.94	3	1	0	136.43433942019402
1	0.098	7.935	3	0	0	137.42169370670194
1	0.079	7.928	6	1	0	137.58703107833443
1	0.069	7.925	3	4	0	137.0302410583416
1	0.063	7.921	4	0	2	138.76704654200486
1	0.043	7.912	4	3	0	132.01822974368645
1	0.033	7.909	2	0	0	121.59227208745422
1	0.025	7.907	3	0	10	113.38714582056959
1	0.019	7.902	3	1	0	106.0512887724542
1	0.029	7.905	7	0	0	116.47565167336482
1	0.045	7.909	5	0	0	132.88611536496694
1	0.065	7.919	2	0	0	141.32615833165355
1	0.072	7.92	3	4	0	142.75157754046785
1	0.139	7.946	2	0	0	140.92833829078185
1	0.147	7.948	4	0	3	141.74939168243728
1	0.16	7.951	4	0	0	143.32033211009949
1	0.188	7.96	3	0	10	144.31470199300378
1	0.208	7.968	6	2	0	143.5456685595732
1	0.21	7.97	5	1	0	142.3394188117768
2	0.683	7.956	3	0	0	101.38884712346716
2	0.665	7.95	5	0	0	102.24708204041579
2	0.657	7.947	2	0	0	102.32011862510157
2	0.634	7.938	1	1	10	102.16923100282305
2	0.619	7.931	3	0	0	101.01757524633973
2	0.609	7.928	2	0	0	101.80554282508774
2	0.596	7.921	3	1	0	99.93652025421913
2	0.579	7.917	15	2	0	102.30227479986591
2	0.572	7.914	3	0	0	102.01395874102347
2	0.552	7.905	3	0	0	100.78931721990628
2	0.519	7.906	4	5	0	100.51521272340403
2	0.515	7.915	4	0	0	100.01080059999008
2	0.511	7.926	4	0	1	100.22419756959196
2	0.504	7.946	3	0	0	100.86644752042032
2	0.5	7.959	3	1	0	101.7974437778669
2	0.495	7.967	4	0	0	100.00073443009018
2	0.49	7.981	1	1	10	100.35711168643418
2	0.488	7.99	2	0	5	101.71994381234683
2	0.485	7.993	3	1	0	99.99590183781677
2	0.474	8.023	2	0	0	100.49270125157838
2	0.472	8.03	2	0	5	101.1374530147491
2	0.468	8.037	5	2	0	99.91619951285938
2	0.465	8.045	4	0	1	99.98579470321641
2	0.468	8.064	2	3	0	102.29061675229862
2	0.473	8.066	4	0	0	102.21985152276613
2	0.481	8.067	4	0	0	104.15496999829632
2	0.492	8.073	7	0	0	102.50262128976533
2	0.505	8.077	5	0	0	103.43232552373344
2	0.519	8.084	5	2	0	101.92195807304486
2	0.528	8.086	4	0	0	103.28452985328899
2	0.534	8.088	4	1	0	103.57076744120009
2	0.542	8.095	3	1	0	99.90823537722699
2	0.553	8.098	5	1	12	101.05367869946397
2	0.562	8.099	4	1	20	103.35005800391214
2	0.568	8.1	5	1	0	104.56910800189209
2	0.574	8.102	4	0	0	104.85546102645048
2	0.579	8.105	4	0	0	103.84891724928113
2	0.592	8.111	5	1	6	102.91452211604926
2	0.613	8.116	4	0	0	105.78105470952026
2	0.623	8.12	3	0	0	105.63548043259054
2	0.637	8.125	4	1	0	105.99190153595985
2	0.652	8.119	5	0	0	101.22180650444407
2	0.656	8.112	3	1	0	100.0006432451096
2	0.656	8.104	4	0	0	102.87175272616328
2	0.659	8.094	2	0	5	103.65852359039015
2	0.665	8.082	3	1	3	102.3635173902318
2	0.674	8.061	3	0	0	101.4979609431585
2	0.679	8.049	5	0	0	101.13671544395035
2	0.681	8.04	2	3	0	102.49904823779603
2	0.684	8.033	3	0	0	102.21102097743668
2	0.691	8.008	4	1	0	104.6469496910184
2	0.692	8.003	3	0	0	105.50792591950281
2	0.702	7.984	5	1	12	102.99096574455604
2	0.703	7.976	4	1	0	104.92843623259293
2	0.657	8.071	5	2	30	113.78164172140758
2	0.641	8.063	3	0	0	131.58293550871647
2	0.637	8.061	5	2	0	136.03404378643748
2	0.609	8.05	2	0	0	165.95091943479912
2	0.587	8.042	2	0	0	165.52440426485214
2	0.576	8.039	4	0	6	164.37785105292656
2	0.569	8.036	2	1	0	164.66613467572367
2	0.564	8.035	7	1	0	163.80564578107627
2	0.555	8.032	6	1	0	163.37642934756974
2	0.548	8.028	4	0	0	164.59840789873664
2	0.545	8.028	1	0	0	163.5222518042187
2	0.536	8.024	2	3	0	158.7242804621789
2	0.485	8.012	3	0	0	106.8136718668573
2	0.495	8.016	1	0	0	117.58346984234488
2	0.5	8.017	2	0	0	122.60838932477827
2	0.512	8.022	6	1	0	135.60335113680566
2	0.519	8.025	4	5	0	143.21389804235432
2	0.528	8.027	4	1	20	152.33196819808262
2	0.534	8.029	4	1	0	158.64163981018504
2	0.541	8.031	15	2	0	159.28648745594705
2	0.551	8.037	4	0	0	157.274085000007
2	0.561	8.04	2	1	0	158.06194732519248
2	0.566	8.043	5	1	0	157.05596957156254
2	0.572	8.042	2	3	0	160.14205744621478
2	0.58	8.046	3	1	0	159.27913192412237
2	0.587	8.049	2	0	0	158.99043319664204
2	0.59	8.05	4	2	0	159.1335536184237
2	0.599	8.054	5	1	12	158.6290631251934
2	0.608	8.057	4	2	0	159.05814129627973
2	0.618	8.061	1	0	0	153.76882851474872
2	0.624	8.061	3	2	0	148.16859237249938
2	0.628	8.062	2	1	0	144.07793302164603
2	0.672	8.014	4	2	0	120.22896885085237
2	0.659	8.008	7	1	0	134.51622096459016
2	0.643	8.003	3	0	0	151.2446596777606
2	0.62	7.993	3	1	0	158.53085161062313
2	0.612	7.99	3	0	0	158.60041852916476
2	0.604	7.989	15	2	0	160.5374871828561
2	0.595	7.985	1	0	0	160.03334510919308
2	0.587	7.983	6	0	0	161.03742571268992
2	0.582	7.982	3	0	0	161.89760225932739
2	0.58	7.978	3	0	0	158.88150728229033
2	0.571	7.975	3	1	3	159.31058698405297
2	0.566	7.973	4	1	0	159.23824460104152
2	0.56	7.968	15	2	0	156.72367022382673
2	0.552	7.966	4	1	0	152.84674846107475
2	0.546	7.966	1	0	0	147.245887701841
2	0.54	7.965	3	0	0	141.28689733019516
2	0.531	7.96	3	0	0	131.09183726505972
2	0.522	7.956	3	1	0	121.25587878790199
2	0.531	7.957	1	0	0	130.01537363581974
2	0.535	7.959	5	1	0	134.46663868416107
2	0.552	7.964	4	0	0	152.128963017645
2	0.553	7.965	3	1	0	153.42112986002422
2	0.559	7.966	5	1	6	155.21560352408036
2	0.574	7.973	2	0	5	156.36870380168753
2	0.584	7.976	4	0	0	155.57941553984668
2	0.589	7.979	3	0	0	156.58556411732067
2	0.602	7.982	7	0	0	154.72124725372097
2	0.631	7.993	2	0	0	154.5832612118743
2	0.645	7.999	5	1	12	150.8130822040347
2	0.653	8.001	4	1	20	142.6282618885312
2	0.615	7.987	4	0	0	154.72376405544065
5	0.375	0.141	7	4	0	99.99997602150707
5	0.39	0.154	4	1	0	102.50450130453926
5	0.392	0.158	3	0	0	101.32698959233969
5	0.392	0.16	5	0	7	99.99262598269745
5	0.394	0.161	5	1	0	100.81555272083037
5	0.398	0.163	4	0	1	102.46173113174508
5	0.402	0.168	7	0	0	102.10682599651841
5	0.407	0.175	5	3	0	101.16297380034497
5	0.418	0.187	7	2	0	101.35430840929838
5	0.425	0.19	6	2	0	104.56867723576356
5	0.428	0.193	4	0	6	104.80267912921788
5	0.433	0.202	3	1	0	102.52474932924163
5	0.442	0.213	6	0	0	101.89308509243297
5	0.452	0.223	5	0	0	102.6742055257023
5	0.458	0.229	3	1	0	103.1415167606069
5	0.461	0.235	4	1	0	101.37460108075618
5	0.615	0.088	5	0	0	100.70220894075692
5	0.61	0.086	4	1	0	103.09437380510761
5	0.599	0.071	14	0	0	101.28374543442625
5	0.594	0.066	5	1	0	101.67384292966557
5	0.584	0.057	3	1	0	103.12207352884256
5	0.575	0.048	7	0	0	103.82354551941646
5	0.565	0.032	8	0	0	100.60185522597624
5	0.556	0.021	5	0	0	99.97057646202168
5	0.549	0.016	4	1	0	101.85032156978625
5	0.546	0.014	5	3	0	102.75130099476529
5	0.533	0.	5	1	0	101.57493965593527
5	0.447	0.113	2	0	5	128.40181082293728
5	0.451	0.118	6	0	0	134.79525182310718
5	0.456	0.122	4	0	0	141.11058817223162
5	0.463	0.13	4	0	0	151.73986286563056
5	0.466	0.134	3	0	0	156.72101125316019
5	0.471	0.138	3	0	0	163.03630831520496
5	0.48	0.149	5	0	29	161.11074482324656
5	0.49	0.161	4	1	0	145.49866205609555
5	0.495	0.164	5	1	0	139.92840368555147
5	0.506	0.178	5	1	0	122.16269537551229
5	0.512	0.183	3	1	0	114.43330612386792
5	0.501	0.182	8	3	5	122.51549848854307
5	0.489	0.166	6	1	0	142.4404264686219
5	0.484	0.162	8	3	5	148.75629655711447
5	0.478	0.154	2	0	0	158.718109411658
5	0.466	0.14	3	0	0	161.19144925190662
5	0.462	0.136	4	0	6	155.5430411551165
5	0.458	0.133	2	0	0	150.640653894945
5	0.455	0.129	7	0	0	145.65863239260648
5	0.45	0.123	5	0	0	137.85339670053872
5	0.446	0.118	3	0	0	131.45999691151403
5	0.444	0.113	3	1	0	126.40074197248254
5	0.439	0.108	3	0	0	119.34070575379297
5	0.564	0.143	5	3	0	109.55074375418785
5	0.556	0.135	6	2	0	120.84688029109292
5	0.546	0.124	14	0	0	135.71260536457467
5	0.541	0.119	5	0	29	142.7728026780561
5	0.532	0.107	4	0	0	157.71710420246978
5	0.523	0.1	7	0	0	168.93491709334984
5	0.515	0.09	5	0	7	156.62331010942682
5	0.507	0.081	4	0	0	144.5819818529626
5	0.499	0.071	3	1	0	131.79460377153507
5	0.49	0.062	5	0	29	119.08709216577827
5	0.484	0.055	7	4	0	109.86962257712568
5	0.477	0.048	5	0	29	99.98435816806992
5	0.485	0.049	8	2	0	106.06608210748512
5	0.493	0.055	9	0	0	115.87208752495083
5	0.495	0.059	2	0	0	120.18615172596505
5	0.499	0.064	7	4	0	126.5804644265455
5	0.506	0.072	5	1	0	137.2103675474637
5	0.51	0.075	6	1	0	142.11204768619484
5	0.513	0.08	5	0	0	147.83926897579346
5	0.518	0.087	4	0	0	156.38858969966003
5	0.525	0.092	4	0	1	164.78290890974412
5	0.533	0.105	4	1	0	158.54031312242802
5	0.54	0.111	5	0	0	149.4005712561576
5	0.548	0.119	5	0	0	138.1057435211284
5	0.552	0.122	8	2	0	133.20062159441466
5	0.565	0.139	4	1	0	111.86394521216603
5	0.575	0.146	21	1	0	99.97826371183137
8	2.959	2.367	3	1	0	102.33614479191581
8	2.867	2.356	4	1	0	150.6838925483407
8	2.905	2.428	4	1	0	99.98353912070432
8	2.909	2.42	3	2	0	102.5408022441303
8	2.913	2.417	4	1	0	101.6751309899191
8	2.921	2.41	4	0	3	100.63109976183105
8	2.925	2.405	4	0	0	101.13505572685251
8	2.927	2.402	4	1	0	101.7276140432804
8	2.929	2.4	4	0	0	101.63733111906392
8	2.937	2.391	4	3	0	101.96073223035847
8	2.941	2.385	4	0	0	103.14841109912896
8	2.948	2.379	6	0	0	102.14923552536656
8	2.953	2.372	5	1	0	103.29108860889916
8	2.958	2.368	2	3	0	102.38128677987834
8	2.966	2.36	9	0	0	102.02085607839966
8	2.973	2.354	2	1	0	101.02029537718327
8	2.978	2.348	2	0	0	101.4789493198744
8	2.993	2.333	2	0	0	100.80196025330413
8	2.999	2.29	5	2	0	111.95272370653962
8	2.983	2.27	2	0	0	108.31357204858074
8	2.957	2.24	3	2	0	104.2230513143857
8	2.95	2.233	3	0	0	103.90921750062367
8	2.942	2.222	2	3	0	101.3584021983922
8	2.935	2.216	4	1	0	101.7717306532667
8	2.928	2.207	3	2	0	99.99722087772817
8	3.005	2.293	2	2	0	110.03559868556292
8	2.903	2.193	3	2	0	104.48715829182565
8	2.899	2.194	3	0	0	102.25421203472465
8	2.89	2.202	2	1	0	101.16379401397187
8	2.887	2.204	9	0	0	100.34494804397373
8	2.878	2.213	3	2	0	99.93823196462381
8	2.869	2.224	9	0	0	100.90051699253058
8	2.863	2.233	2	2	0	102.68224688533765
8	2.857	2.242	6	1	10	104.46405429972744
8	2.846	2.248	4	1	0	100.54668058358084
8	2.841	2.253	4	1	0	100.32172733961504
8	2.833	2.261	4	0	0	99.9600727473004
8	2.829	2.271	3	2	10	103.88991670885484
8	2.825	2.277	3	2	0	105.07259226399087
8	2.82	2.283	3	0	2	105.53158205053118
8	2.815	2.287	4	1	0	104.62159614901852
8	2.803	2.295	4	2	4	101.34312572837773
8	2.8	2.299	3	0	4	101.89239101419417
8	2.796	2.304	4	2	4	102.3955867810341
8	2.79	2.311	3	1	0	102.80925235208656
8	2.8	2.34	2	2	0	116.51258163800443
8	2.804	2.346	2	0	0	114.87278509296551
8	2.806	2.348	5	2	0	114.78275532258047
8	2.814	2.362	2	3	0	110.0458135859999
8	2.819	2.365	9	0	0	111.27883661207457
8	2.828	2.374	5	0	0	110.87251687004986
8	2.852	2.405	2	0	0	104.68601634818714
8	2.859	2.413	4	2	4	103.63919361302216
8	2.865	2.418	4	3	0	104.09819641554006
8	2.872	2.428	6	2	0	101.59401066035306
8	2.875	2.433	6	2	0	99.99997824269057
8	2.852	2.363	2	0	0	135.3153476220527
8	2.86	2.352	4	2	4	148.8114528156168
8	2.867	2.347	12	0	0	157.24705633531812
8	2.873	2.342	4	1	0	164.99871201164666
8	2.89	2.325	4	1	0	181.39568171651993
8	2.92	2.298	2	0	0	171.83780013097564
8	2.93	2.285	6	0	0	155.51515320311827
8	2.94	2.273	5	0	0	139.92137136595952
8	2.946	2.266	10	0	0	130.71110395096701
8	2.937	2.283	12	0	0	149.2673017901365
8	2.934	2.288	3	0	4	154.9661392902223
8	2.931	2.292	4	2	4	159.93655892403876
8	2.93	2.293	4	0	0	161.35018146917355
8	2.926	2.298	3	0	2	167.73267467183555
8	2.921	2.302	3	2	0	174.07094141279873
8	2.917	2.304	3	0	4	176.07081488353654
8	2.913	2.308	2	2	0	176.25129388168637
8	2.908	2.313	3	0	2	176.47685507374362
8	2.904	2.316	2	1	0	177.34154761804888
8	2.901	2.32	3	1	0	176.79272405192648
8	2.898	2.325	4	1	0	175.55972658569357
8	2.894	2.328	9	0	0	176.42450365705162
8	2.888	2.335	2	0	0	176.01096924371828
8	2.886	2.337	3	1	0	176.10121405200687
8	2.88	2.343	2	3	0	169.05886357392637
8	2.877	2.347	5	2	0	164.08890567872638
8	2.871	2.351	3	0	4	157.06656911237107
8	2.867	2.356	3	3	0	150.6838925483407
8	2.863	2.361	3	2	0	144.3003608859845
8	2.859	2.365	2	0	0	138.64694684212506
8	2.855	2.369	6	1	0	132.99328587459223